 dt	    dx	    dy	    dz	     mlups	         s
 50	 204800	    40	    40	 1359.6673	 12.050007
 50	 91022	    60	    60	 1447.7955	 11.316488
 50	 51200	    80	    80	 1429.4621	 11.461654
 50	 32768	   100	   100	 1443.6535	 11.348984
 50	 22755	   120	   120	 1413.2660	 11.592722
 50	 16718	   140	   140	 1422.9947	 11.513493
 50	 12800	   160	   160	 1364.4855	 12.007456
 50	 10113	   180	   180	 1286.7779	 12.731847
 50	  8192	   200	   200	 1249.2655	 13.114906
 50	  6770	   220	   220	 1232.0270	 13.297923
 50	  5688	   240	   240	 1240.7635	 13.202709
 50	  4847	   260	   260	 1611.4584	 10.166480
 50	  4179	   280	   280	 1610.1601	 10.173945
 50	  3640	   300	   300	 1575.9585	 10.393675
 50	  3200	   320	   320	 1606.3942	 10.199240
 50	  2834	   340	   340	 1603.6776	 10.214347
 50	  2528	   360	   360	 1548.0609	 10.581909
 50	  2269	   380	   380	 1574.8719	 10.402230
 50	  2048	   400	   400	 1584.9734	 10.337082
 50	  1857	   420	   420	 1572.2972	 10.417076
 50	  1692	   440	   440	 1541.0300	 10.628320
 50	  1548	   460	   460	 1587.3387	 10.317798
 50	  1422	   480	   480	 1623.3004	 10.091441
 50	  1310	   500	   500	 1605.1459	 10.201565
 50	  1211	   520	   520	 1576.1778	 10.387610
 50	  1123	   540	   540	 1582.6233	 10.345696
 50	  1044	   560	   560	 1610.5205	 10.164366
 50	   974	   580	   580	 1595.1483	 10.270318
 50	   910	   600	   600	 1585.7230	 10.329673
 50	   852	   620	   620	 1568.8206	 10.438058
 50	   800	   640	   640	 1566.7978	 10.456997
 50	   752	   660	   660	 1616.6066	 10.131444
 50	   708	   680	   680	 1400.2430	 11.690085
 50	   668	   700	   700	 1489.1011	 10.990523
 50	   632	   720	   720	 1589.7321	 10.304529
 50	   598	   740	   740	 1410.7056	 11.606419
 50	   567	   760	   760	 1476.6601	 11.089187
 50	   538	   780	   780	 1581.5333	 10.348160
 50	   512	   800	   800	 1594.0444	 10.278258
 50	   487	   820	   820	 1424.9639	 11.490074
 50	   464	   840	   840	 1600.0156	 10.231100
 50	   443	   860	   860	 1446.9474	 11.321863
 50	   423	   880	   880	 1547.0120	 10.587222
 50	   404	   900	   900	 1442.6405	 11.341703
 50	   387	   920	   920	 1472.9395	 11.119153
 50	   370	   940	   940	 1506.3736	 10.851624
 50	   355	   960	   960	 1490.6810	 10.973776
 50	   341	   980	   980	 1480.9800	 11.056746
 50	   327	  1000	  1000	 1586.0073	 10.308906
 50	   314	  1020	  1020	 1581.6934	 10.327084
 50	   302	  1040	  1040	 1498.8931	 10.896147
 50	   291	  1060	  1060	 1524.3375	 10.724908
 50	   280	  1080	  1080	 1565.1637	 10.433158
 50	   270	  1100	  1100	 1478.9713	 11.044839
 50	   261	  1120	  1120	 1598.2258	 10.242558
 50	   252	  1140	  1140	 1496.9889	 10.938598
 50	   243	  1160	  1160	 1516.5580	 10.780359
 50	   235	  1180	  1180	 1555.4813	 10.518095
 50	   227	  1200	  1200	 1599.5054	 10.218159
 50	   220	  1220	  1220	 1522.7268	 10.752027
 50	   213	  1240	  1240	 1546.1298	 10.591245
 50	   206	  1260	  1260	 1568.5652	 10.424992
 50	   200	  1280	  1280	 1587.8081	 10.318627
